Rank:0 (All:0.037422, I:0.007966, W:0.011176, I/O:0.019143, Comm:0.004913, Compute:0.013102)
Rank:1 (All:0.037422, I:0.008196, W:0.011176, I/O:0.019372, Comm:0.008876, Compute:0.009132)
Rank:2 (All:0.037802, I:0.007961, W:0.011556, I/O:0.019517, Comm:0.009111, Compute:0.004860)
