Rank:0 (All:0.157136, I:0.001892, W:0.007424, I/O:0.009316, Comm:0.053805, Compute:0.063894)
Rank:1 (All:0.157139, I:0.001892, W:0.007429, I/O:0.009321, Comm:0.063525, Compute:0.037115)
Rank:2 (All:0.157453, I:0.001900, W:0.007740, I/O:0.009640, Comm:0.037168, Compute:0.069932)
