Rank:0 (All:0.143225, I:0.004131, W:0.006643, I/O:0.010774, Comm:0.030657, Compute:0.074513)
Rank:1 (All:0.143554, I:0.004678, W:0.006973, I/O:0.011651, Comm:0.021722, Compute:0.080507)
