Rank:0 (All:0.199431, I:0.002942, W:0.008311, I/O:0.011253, Comm:0.102204, Compute:0.054672)
Rank:2 (All:0.199459, I:0.002976, W:0.008310, I/O:0.011286, Comm:0.095296, Compute:0.036546)
Rank:3 (All:0.199458, I:0.002975, W:0.008307, I/O:0.011282, Comm:0.081315, Compute:0.062464)
Rank:1 (All:0.199805, I:0.002970, W:0.008656, I/O:0.011625, Comm:0.099598, Compute:0.036812)
