Rank:0 (All:0.284730, I:0.038707, W:0.042694, I/O:0.081402, Comm:0.050663, Compute:0.152317)
Rank:2 (All:0.284732, I:0.038993, W:0.042693, I/O:0.081686, Comm:0.098499, Compute:0.057200)
Rank:1 (All:0.284999, I:0.038696, W:0.042969, I/O:0.081665, Comm:0.098132, Compute:0.104607)
