Rank:0 (All:0.257409, I:0.002990, W:0.052254, I/O:0.055244, Comm:0.050335, Compute:0.151743)
Rank:1 (All:0.257408, I:0.002988, W:0.052254, I/O:0.055241, Comm:0.097665, Compute:0.104445)
Rank:2 (All:0.257967, I:0.002987, W:0.052809, I/O:0.055797, Comm:0.098049, Compute:0.057254)
