Rank:0 (All:0.439054, I:0.003061, W:0.254948, I/O:0.258009, Comm:0.035010, Compute:0.114169)
Rank:1 (All:0.439053, I:0.003072, W:0.254951, I/O:0.258023, Comm:0.074759, Compute:0.106118)
Rank:3 (All:0.439052, I:0.003071, W:0.254944, I/O:0.258014, Comm:0.106473, Compute:0.042548)
Rank:2 (All:0.439590, I:0.003069, W:0.255486, I/O:0.258555, Comm:0.067230, Compute:0.113744)
