Rank:1 (All:0.248172, I:0.039676, W:0.046332, I/O:0.086008, Comm:0.074174, Compute:0.087864)
Rank:0 (All:0.250384, I:0.039330, W:0.048544, I/O:0.087875, Comm:0.001933, Compute:0.160174)
