Rank:0 (All:475.450991, I:0.005313, W:0.044875, I/O:0.050188, Comm:11.755931, Compute:460.912643)
Rank:1 (All:475.450954, I:0.005315, W:0.044839, I/O:0.050154, Comm:230.183877, Compute:240.465220)
Rank:2 (All:475.450961, I:0.005523, W:0.044857, I/O:0.050380, Comm:229.566260, Compute:240.691771)
Rank:3 (All:475.451368, I:0.005312, W:0.045252, I/O:0.050565, Comm:11.302701, Compute:460.376329)
