Rank:1 (All:576.563716, I:0.004768, W:0.599822, I/O:0.604590, Comm:294.383538, Compute:277.221124)
Rank:2 (All:576.563754, I:0.004469, W:0.599859, I/O:0.604328, Comm:7.199950, Compute:565.347782)
Rank:0 (All:576.564137, I:0.004286, W:0.600244, I/O:0.604529, Comm:11.480880, Compute:562.059220)
