Rank:1 (All:704.569315, I:0.039823, W:0.043309, I/O:0.083132, Comm:5.642159, Compute:695.987913)
Rank:0 (All:704.569673, I:0.038745, W:0.043667, I/O:0.082412, Comm:4.338471, Compute:697.611123)
