Rank:1 (All:571.858089, I:0.004726, W:0.051306, I/O:0.056032, Comm:295.660920, Compute:275.276853)
Rank:2 (All:571.858155, I:0.005098, W:0.051365, I/O:0.056463, Comm:9.281339, Compute:561.555276)
Rank:0 (All:571.858336, I:0.004547, W:0.051548, I/O:0.056096, Comm:8.430480, Compute:562.887935)
