Rank:0 (All:5.947399, I:0.002280, W:0.011054, I/O:0.013334, Comm:1.018484, Compute:4.631867)
Rank:1 (All:5.947435, I:0.002276, W:0.011094, I/O:0.013371, Comm:3.001781, Compute:2.455749)
Rank:2 (All:5.947401, I:0.002287, W:0.011051, I/O:0.013338, Comm:2.962129, Compute:2.445966)
Rank:3 (All:5.947725, I:0.002290, W:0.011377, I/O:0.013667, Comm:0.844389, Compute:4.678894)
