Rank:1 (All:7.603600, I:0.007267, W:0.012332, I/O:0.019599, Comm:0.291392, Compute:7.005129)
Rank:0 (All:7.603821, I:0.007078, W:0.012554, I/O:0.019632, Comm:0.338974, Compute:6.987140)
