Rank:0 (All:6.439842, I:0.002022, W:0.012679, I/O:0.014700, Comm:0.525575, Compute:5.638994)
Rank:1 (All:6.439843, I:0.001977, W:0.012680, I/O:0.014657, Comm:3.155037, Compute:2.821070)
Rank:2 (All:6.440311, I:0.001981, W:0.013149, I/O:0.015131, Comm:0.384801, Compute:5.703850)
