Rank:1 (All:0.012643, I:0.004263, W:0.006209, I/O:0.010473, Comm:0.000824, Compute:0.000767)
Rank:2 (All:0.012644, I:0.004256, W:0.006209, I/O:0.010466, Comm:0.000820, Compute:0.000398)
Rank:0 (All:0.012868, I:0.004812, W:0.006432, I/O:0.011245, Comm:0.000444, Compute:0.001143)
